62 0 56.372
62 1 56.372
62 2 56.372
62 3 56.372
62 4 56.372
62 5 56.372
62 6 56.372
62 7 56.372
62 8 56.372
62 9 56.372
62 10 56.372
62 11 56.372
62 12 56.372
62 13 56.372
62 14 56.372
63 0 182.4
63 1 182.4
63 2 182.4
63 3 182.4
63 4 182.4
63 5 182.4
63 6 182.4
63 7 182.4
63 8 182.4
63 9 182.4
63 10 182.4
63 11 182.4
63 12 182.4
63 13 182.4
63 14 182.4
64 0 85.974
64 1 85.974
64 2 85.974
64 3 85.974
64 4 85.974
64 5 85.974
64 6 85.974
64 7 85.974
64 8 85.974
64 9 85.974
64 10 85.974
64 11 85.974
64 12 85.974
64 13 85.974
64 14 85.974
65 0 77.804
65 1 77.804
65 2 77.804
65 3 77.804
65 4 77.804
65 5 77.804
65 6 77.804
65 7 77.804
65 8 77.804
65 9 77.804
65 10 77.804
65 11 77.804
65 12 77.804
65 13 77.804
65 14 77.804
66 0 30.543
66 1 30.543
66 2 30.543
66 3 30.543
66 4 30.543
66 5 30.543
66 6 30.543
66 7 30.543
66 8 30.543
66 9 30.543
66 10 30.543
66 11 30.543
66 12 30.543
66 13 30.543
66 14 30.543
106 0 182.786
106 1 182.786
106 2 182.786
106 3 182.786
106 4 182.786
106 5 182.786
106 6 182.786
106 7 182.786
106 8 182.786
106 9 182.786
106 10 182.786
106 11 182.786
106 12 182.786
106 13 182.786
106 14 182.786
106 15 182.786
106 16 182.786
107 0 146.978
107 1 146.978
107 2 146.978
107 3 146.978
107 4 146.978
107 5 146.978
107 6 146.978
107 7 146.978
107 8 146.978
107 9 146.978
107 10 146.978
107 11 146.978
107 12 146.978
107 13 146.978
107 14 146.978
107 15 146.978
107 16 146.978
107 17 146.978
107 18 146.978
108 0 162.628
108 1 162.628
108 2 162.628
108 3 162.628
108 4 162.628
108 5 162.628
108 6 162.628
108 7 162.628
108 8 162.628
108 9 162.628
108 10 162.628
108 11 162.628
108 12 162.628
108 13 162.628
108 14 162.628
108 15 162.628
108 16 162.628
109 0 110.91
109 1 110.91
109 2 110.91
109 3 110.91
109 4 110.91
109 5 110.91
109 6 110.91
109 7 110.91
109 8 110.91
109 9 110.91
109 10 110.91
109 11 110.91
109 12 110.91
109 13 110.91
109 14 110.91
109 15 110.91
109 16 110.91
109 17 110.91
109 18 110.91
110 0 40.965
110 1 40.965
110 2 40.965
110 3 40.965
110 4 40.965
110 5 40.965
110 6 40.965
110 7 40.965
110 8 40.965
110 9 40.965
110 10 40.965
110 11 40.965
110 12 40.965
110 13 40.965
110 14 40.965
110 15 40.965
110 16 40.965
110 17 40.965
110 18 40.965
111 0 79.409
111 1 79.409
111 2 79.409
111 3 79.409
111 4 79.409
111 5 79.409
111 6 79.409
111 7 79.409
111 8 79.409
111 9 79.409
111 10 79.409
111 11 79.409
111 12 79.409
111 13 79.409
111 14 79.409
121 0 95.217
121 1 95.217
121 2 95.217
121 3 95.217
121 4 95.217
121 5 95.217
121 6 95.217
121 7 95.217
121 8 95.217
121 9 95.217
121 10 95.217
121 11 95.217
121 12 95.217
121 13 95.217
121 14 95.217
122 0 27.929
122 1 27.929
122 2 27.929
122 3 27.929
122 4 27.929
122 5 27.929
122 6 27.929
122 7 27.929
122 8 27.929
122 9 27.929
122 10 27.929
122 11 27.929
122 12 27.929
122 13 27.929
122 14 27.929
122 15 27.929
122 16 27.929
122 17 27.929
122 18 27.929
123 0 22.58
123 1 22.58
123 2 22.58
123 3 22.58
123 4 22.58
123 5 22.58
123 6 22.58
123 7 22.58
123 8 22.58
123 9 22.58
123 10 22.58
123 11 22.58
123 12 22.58
123 13 22.58
123 14 22.58
124 0 91.814
124 1 91.814
124 2 91.814
124 3 91.814
124 4 91.814
124 5 91.814
124 6 91.814
124 7 91.814
124 8 91.814
124 9 91.814
124 10 91.814
124 11 91.814
124 12 91.814
124 13 91.814
124 14 91.814
125 0 133.323
125 1 133.323
125 2 133.323
125 3 133.323
125 4 133.323
125 5 133.323
125 6 133.323
125 7 133.323
125 8 133.323
125 9 133.323
125 10 133.323
125 11 133.323
125 12 133.323
125 13 133.323
125 14 133.323
126 0 173.076
126 1 173.076
126 2 173.076
126 3 173.076
126 4 173.076
126 5 173.076
126 6 173.076
126 7 173.076
126 8 173.076
126 9 173.076
126 10 173.076
126 11 173.076
126 12 173.076
126 13 173.076
126 14 173.076
129 0 130.486
129 1 130.486
129 2 130.486
129 3 130.486
129 4 130.486
129 5 130.486
129 6 130.486
129 7 130.486
129 8 130.486
129 9 130.486
129 10 130.486
129 11 130.486
129 12 130.486
129 13 130.486
129 14 130.486
155 0 153.491
156 0 153.491
157 0 153.491
158 0 153.491
159 0 153.491
160 0 153.491
161 0 153.491
162 0 111.04
163 0 111.04
164 0 111.04
165 0 111.04
166 0 111.04
167 0 111.04
168 0 111.04
169 0 107.126
170 0 107.126
171 0 107.126
172 0 107.126
173 0 107.126
174 0 194.949
175 0 194.949
176 0 194.949
177 0 194.949
178 0 194.949
179 0 194.949
180 0 111.081
181 0 111.081
182 0 111.081
183 0 111.081
184 0 111.081
185 0 111.081
186 0 107.126
187 0 107.126
188 0 107.126
189 0 107.126
190 0 107.126
191 0 107.126
192 0 107.126
193 0 107.127
194 0 107.127
195 0 107.127
196 0 107.127
197 0 107.127
198 0 107.127
199 0 107.126
200 0 107.126
201 0 107.126
202 0 107.126
203 0 107.126
204 0 107.126
205 0 107.127
206 0 107.127
207 0 107.127
208 0 107.127
209 0 107.127
210 0 107.127
211 0 89.171
212 0 89.171
213 0 89.171
214 0 89.171
215 0 89.171
216 0 89.171
217 0 89.171
218 0 89.171
219 0 89.171
220 0 89.171
221 0 78.724
222 0 78.724
223 0 78.724
224 0 78.724
225 0 78.724
226 0 78.724
227 0 78.724
228 0 78.724
229 0 78.724
230 0 78.724
231 0 78.724
232 0 78.724
233 0 78.783
234 0 78.783
235 0 78.783
236 0 78.783
237 0 78.783
238 0 78.783
239 0 78.783
240 0 78.783
241 0 78.783
242 0 77.551
243 0 77.551
244 0 77.551
245 0 77.551
246 0 77.551
247 0 77.551
248 0 77.552
249 0 77.552
250 0 77.552
251 0 77.552
252 0 77.552
253 0 77.552
254 0 77.55
255 0 77.55
256 0 77.55
257 0 77.55
258 0 77.55
259 0 77.55
260 0 174.364
261 0 121.858
262 0 122.117
263 0 83.911
264 0 83.911
265 0 83.911
266 0 83.911
267 0 83.911
268 0 83.911
269 0 83.911
270 0 83.871
271 0 83.871
272 0 83.871
273 0 83.871
274 0 83.871
275 0 83.871
276 0 83.871
277 0 83.409
278 0 83.409
279 0 83.409
280 0 83.409
281 0 83.409
282 0 83.409
283 0 83.409
284 0 83.409
285 0 63.105
286 0 47.302
287 0 47.394
288 0 47.394
289 0 47.394
290 0 47.394
291 0 47.394
292 0 47.394
293 0 47.394
294 0 47.394
295 0 47.394
296 0 47.394
297 0 47.394
298 0 47.394
299 0 42.051
300 0 42.092
301 0 42.092
302 0 42.092
303 0 42.092
304 0 42.092
305 0 42.092
306 0 42.092
307 0 42.092
308 0 42.092
309 0 42.092
310 0 42.092
311 0 42.092
312 0 42.137
313 0 42.137
314 0 42.137
315 0 42.137
316 0 42.137
317 0 42.137
318 0 42.137
319 0 42.137
320 0 42.137
321 0 42.137
322 0 42.137
323 0 191.374
324 0 191.374
325 0 191.374
326 0 191.374
327 0 191.374
328 0 191.374
329 0 191.374
330 0 114.923
331 0 114.923
332 0 114.923
333 0 114.923
334 0 114.923
335 0 114.923
336 0 114.923
337 0 115.044
338 0 115.044
339 0 115.044
340 0 115.044
341 0 115.044
342 0 115.044
343 0 94.821
344 0 94.821
345 0 94.821
346 0 94.821
347 0 94.821
348 0 94.821
349 0 94.821
350 0 94.821
351 0 94.821
352 0 94.821
353 0 73.047
354 0 73.047
355 0 73.047
356 0 73.047
357 0 73.047
358 0 73.047
359 0 73.047
360 0 73.047
361 0 73.047
362 0 73.515
363 0 73.515
364 0 73.515
365 0 73.515
366 0 73.515
367 0 73.515
368 0 73.515
369 0 70.062
370 0 70.062
371 0 70.062
372 0 70.062
373 0 70.062
374 0 70.062
375 0 70.062
376 0 70.069
377 0 70.062
435 0 231.099
435 1 228.089
435 2 224.43
435 3 220.822
435 4 217.176
435 5 212.854
435 6 208.561
435 7 204.301
435 8 200.075
435 9 195.886
435 10 192.032
435 11 188.663
435 12 185.367
435 13 229.567
435 14 225.887
435 15 222.259
435 16 218.684
435 17 214.579
435 18 210.275
435 19 206.001
435 20 201.762
435 21 197.557
435 22 193.399
435 23 190.002
435 24 186.676
435 25 183.427
435 26 226.619
435 27 222.98
435 28 219.395
435 29 215.444
435 30 211.133
435 31 206.853
435 32 202.607
435 33 198.395
435 34 194.221
435 35 190.675
435 36 187.335
435 37 184.07
435 38 222.98
435 39 219.395
435 40 215.444
435 41 211.133
435 42 206.853
435 43 202.607
435 44 198.395
435 45 194.221
435 46 190.675
435 47 187.335
435 48 184.07
435 49 218.684
435 50 214.579
435 51 210.275
435 52 206.001
435 53 201.762
435 54 197.557
435 55 193.399
435 56 190.002
435 57 186.676
435 58 183.427
435 59 213.716
435 60 209.417
435 61 205.151
435 62 200.918
435 63 196.721
435 64 192.714
435 65 189.331
435 66 186.02
435 67 182.786
435 68 206.853
435 69 202.607
435 70 198.395
435 71 194.221
435 72 190.675
435 73 187.335
435 74 184.07
435 75 199.235
435 76 195.053
435 77 191.352
435 78 187.997
435 79 184.717
435 80 191.352
435 81 187.997
435 82 184.717
435 83 183.427
436 0 195.14
436 1 190.359
436 2 185.555
436 3 180.76
436 4 175.978
436 5 171.008
436 6 166.041
436 7 161.363
436 8 156.704
436 9 151.84
436 10 146.978
436 11 192.284
436 12 187.475
436 13 182.677
436 14 177.889
436 15 173.004
436 16 168.014
436 17 163.232
436 18 158.565
436 19 153.787
436 20 148.921
436 21 188.436
436 22 183.636
436 23 178.846
436 24 174.002
436 25 169.012
436 26 164.168
436 27 159.497
436 28 154.761
436 29 149.894
436 30 183.636
436 31 178.846
436 32 174.002
436 33 169.012
436 34 164.168
436 35 159.497
436 36 154.761
436 37 149.894
436 38 177.889
436 39 173.004
436 40 168.014
436 41 163.232
436 42 158.565
436 43 153.787
436 44 148.921
436 45 172.006
436 46 167.016
436 47 162.297
436 48 157.634
436 49 152.813
436 50 147.949
436 51 164.168
436 52 159.497
436 53 154.761
436 54 149.894
436 55 155.736
436 56 150.867
437 0 186.971
437 1 183.062
437 2 179.209
437 3 175.888
437 4 172.831
437 5 169.867
437 6 167
437 7 164.235
437 8 184.619
437 9 180.743
437 10 177.135
437 11 174.043
437 12 171.041
437 13 168.135
437 14 165.329
437 15 162.628
437 16 181.514
437 17 177.764
437 18 174.654
437 19 171.634
437 20 168.708
437 21 165.882
437 22 163.159
437 23 177.764
437 24 174.654
437 25 171.634
437 26 168.708
437 27 165.882
437 28 163.159
437 29 174.043
437 30 171.041
437 31 168.135
437 32 165.329
437 33 162.628
437 34 170.452
437 35 167.566
437 36 164.78
437 37 165.882
437 38 163.159
438 0 110.91
438 1 114.357
438 2 117.914
438 3 121.572
438 4 123.734
438 5 124.184
438 6 110.91
438 7 114.357
438 8 117.914
438 9 121.572
438 10 123.734
438 11 110.91
438 12 114.357
438 13 117.914
438 14 121.572
438 15 123.734
438 16 110.91
438 17 114.357
438 18 117.914
438 19 121.572
438 20 110.91
438 21 114.357
438 22 110.91
438 23 110.91
439 0 40.965
439 1 42.342
439 2 44.243
439 3 46.606
439 4 49.364
439 5 52.455
439 6 55.823
439 7 59.421
439 8 63.21
439 9 40.965
439 10 42.342
439 11 44.243
439 12 46.606
439 13 49.364
439 14 52.455
439 15 55.823
439 16 59.421
439 17 40.965
439 18 42.342
439 19 44.243
439 20 46.606
439 21 49.364
439 22 52.455
439 23 55.823
439 24 40.965
439 25 42.342
439 26 44.243
439 27 46.606
439 28 49.364
439 29 52.455
439 30 40.965
439 31 42.342
439 32 44.243
439 33 46.606
439 34 49.364
439 35 40.965
439 36 42.342
439 37 44.243
439 38 46.606
439 39 40.965
439 40 42.342
439 41 40.965
440 0 79.409
440 1 84.031
440 2 88.693
440 3 93.39
440 4 98.117
440 5 102.87
440 6 107.646
440 7 112.44
440 8 117.253
440 9 122.08
440 10 126.92
440 11 131.773
440 12 136.636
440 13 141.509
440 14 146.39
440 15 151.28
440 16 156.176
440 17 160.763
440 18 164.558
440 19 169.527
440 20 174.499
440 21 179.472
440 22 184.444
440 23 189.418
440 24 194.392
440 25 199.282
440 26 204.146
440 27 209.016
440 28 213.84
440 29 218.397
440 30 222.525
440 31 79.409
440 32 84.031
440 33 88.693
440 34 93.39
440 35 98.117
440 36 102.87
440 37 107.646
440 38 112.44
440 39 117.253
440 40 122.08
440 41 126.92
440 42 131.773
440 43 136.636
440 44 141.509
440 45 146.39
440 46 151.28
440 47 156.176
440 48 160.763
440 49 164.558
440 50 169.527
440 51 174.499
440 52 179.472
440 53 184.444
440 54 189.418
440 55 194.392
440 56 199.282
440 57 204.146
440 58 209.016
440 59 213.84
440 60 218.397
440 61 222.525
440 62 79.409
440 63 84.031
440 64 88.693
440 65 93.39
440 66 98.117
440 67 102.87
440 68 107.646
440 69 112.44
440 70 117.253
440 71 122.08
440 72 126.92
440 73 131.773
440 74 136.636
440 75 141.509
440 76 146.39
440 77 151.28
440 78 156.176
440 79 160.763
440 80 164.558
440 81 169.527
440 82 174.499
440 83 179.472
440 84 184.444
440 85 189.418
440 86 194.392
440 87 199.282
440 88 204.146
440 89 209.016
440 90 213.84
440 91 218.397
440 92 79.409
440 93 84.031
440 94 88.693
440 95 93.39
440 96 98.117
440 97 102.87
440 98 107.646
440 99 112.44
440 100 117.253
440 101 122.08
440 102 126.92
440 103 131.773
440 104 136.636
440 105 141.509
440 106 146.39
440 107 151.28
440 108 156.176
440 109 160.763
440 110 164.558
440 111 169.527
440 112 174.499
440 113 179.472
440 114 184.444
440 115 189.418
440 116 194.392
440 117 199.282
440 118 204.146
440 119 209.016
440 120 213.84
440 121 79.409
440 122 84.031
440 123 88.693
440 124 93.39
440 125 98.117
440 126 102.87
440 127 107.646
440 128 112.44
440 129 117.253
440 130 122.08
440 131 126.92
440 132 131.773
440 133 136.636
440 134 141.509
440 135 146.39
440 136 151.28
440 137 156.176
440 138 160.763
440 139 164.558
440 140 169.527
440 141 174.499
440 142 179.472
440 143 184.444
440 144 189.418
440 145 194.392
440 146 199.282
440 147 204.146
440 148 209.016
440 149 79.409
440 150 84.031
440 151 88.693
440 152 93.39
440 153 98.117
440 154 102.87
440 155 107.646
440 156 112.44
440 157 117.253
440 158 122.08
440 159 126.92
440 160 131.773
440 161 136.636
440 162 141.509
440 163 146.39
440 164 151.28
440 165 156.176
440 166 160.763
440 167 164.558
440 168 169.527
440 169 174.499
440 170 179.472
440 171 184.444
440 172 189.418
440 173 194.392
440 174 199.282
440 175 204.146
440 176 79.409
440 177 84.031
440 178 88.693
440 179 93.39
440 180 98.117
440 181 102.87
440 182 107.646
440 183 112.44
440 184 117.253
440 185 122.08
440 186 126.92
440 187 131.773
440 188 136.636
440 189 141.509
440 190 146.39
440 191 151.28
440 192 156.176
440 193 160.763
440 194 164.558
440 195 169.527
440 196 174.499
440 197 179.472
440 198 184.444
440 199 189.418
440 200 194.392
440 201 79.409
440 202 84.031
440 203 88.693
440 204 93.39
440 205 98.117
440 206 102.87
440 207 107.646
440 208 112.44
440 209 117.253
440 210 122.08
440 211 126.92
440 212 131.773
440 213 136.636
440 214 141.509
440 215 146.39
440 216 151.28
440 217 156.176
440 218 160.763
440 219 164.558
440 220 169.527
440 221 174.499
440 222 179.472
440 223 184.444
440 224 79.409
440 225 84.031
440 226 88.693
440 227 93.39
440 228 98.117
440 229 102.87
440 230 107.646
440 231 112.44
440 232 117.253
440 233 122.08
440 234 126.92
440 235 131.773
440 236 136.636
440 237 141.509
440 238 146.39
440 239 151.28
440 240 156.176
440 241 160.763
440 242 164.558
440 243 169.527
440 244 174.499
440 245 79.409
440 246 84.031
440 247 88.693
440 248 93.39
440 249 98.117
440 250 102.87
440 251 107.646
440 252 112.44
440 253 117.253
440 254 122.08
440 255 126.92
440 256 131.773
440 257 136.636
440 258 141.509
440 259 146.39
440 260 151.28
440 261 156.176
440 262 160.763
440 263 164.558
440 264 79.409
440 265 84.031
440 266 88.693
440 267 93.39
440 268 98.117
440 269 102.87
440 270 107.646
440 271 112.44
440 272 117.253
440 273 122.08
440 274 126.92
440 275 131.773
440 276 136.636
440 277 141.509
440 278 146.39
440 279 151.28
440 280 79.409
440 281 84.031
440 282 88.693
440 283 93.39
440 284 98.117
440 285 102.87
440 286 107.646
440 287 112.44
440 288 117.253
440 289 122.08
440 290 126.92
440 291 131.773
440 292 136.636
440 293 79.409
440 294 84.031
440 295 88.693
440 296 93.39
440 297 98.117
440 298 102.87
440 299 107.646
440 300 112.44
440 301 117.253
450 0 116.975
450 1 112.367
450 2 107.793
450 3 103.26
450 4 98.771
450 5 114.206
450 6 109.618
450 7 105.068
450 8 100.561
450 9 96.103
451 0 60.117
451 1 55.31
451 2 50.54
451 3 45.82
451 4 41.166
451 5 36.603
451 6 32.17
451 7 27.929
451 8 57.229
451 9 52.443
451 10 47.701
451 11 43.018
451 12 38.415
451 13 33.924
451 14 29.597
451 15 53.397
451 16 48.645
451 17 43.949
451 18 39.328
451 19 34.811
451 20 30.446
451 21 48.645
451 22 43.949
451 23 39.328
451 24 34.811
451 25 30.446
451 26 43.018
451 27 38.415
451 28 33.924
451 29 29.597
451 30 37.506
451 31 33.043
451 32 28.758
452 0 24.542
452 1 23.045
452 2 22.58
452 3 22.58
452 4 22.58
452 5 22.997
452 6 24.446
452 7 24.168
452 8 22.866
452 9 22.58
452 10 22.58
452 11 22.58
452 12 22.997
452 13 24.446
452 14 23.829
452 15 22.729
452 16 22.58
452 17 22.58
452 18 22.58
452 19 22.997
452 20 23.267
452 21 22.585
452 22 22.58
452 23 22.58
452 24 22.58
452 25 22.997
452 26 23.045
452 27 22.58
452 28 22.58
452 29 22.58
452 30 22.58
452 31 22.997
452 32 22.866
452 33 22.58
452 34 22.58
452 35 22.58
452 36 22.58
452 37 22.997
452 38 22.729
452 39 22.58
452 40 22.58
452 41 22.58
452 42 22.58
452 43 22.585
452 44 22.58
452 45 22.58
452 46 22.58
452 47 22.58
452 48 22.58
452 49 22.58
452 50 22.58
452 51 22.58
452 52 22.58
452 53 22.58
452 54 22.58
452 55 22.58
452 56 22.58
452 57 22.58
452 58 22.58
452 59 22.58
452 60 22.58
452 61 22.58
452 62 22.58
452 63 22.58
452 64 22.58
452 65 22.58
452 66 22.58
452 67 22.58
452 68 22.58
452 69 22.58
452 70 22.58
452 71 22.58
452 72 22.58
453 0 91.814
453 1 95.988
453 2 100.237
453 3 104.553
453 4 108.927
453 5 113.353
453 6 91.814
453 7 95.988
453 8 100.237
453 9 104.553
453 10 108.927
454 0 133.323
454 1 138.316
454 2 143.31
454 3 148.303
454 4 153.298
454 5 158.292
454 6 163.287
454 7 133.323
454 8 138.316
454 9 143.31
454 10 148.303
454 11 153.298
454 12 158.292
454 13 133.323
454 14 138.316
454 15 143.31
454 16 148.303
454 17 153.298
454 18 158.292
454 19 133.323
454 20 138.316
454 21 143.31
454 22 148.303
454 23 153.298
454 24 158.292
454 25 133.323
454 26 138.316
454 27 143.31
454 28 148.303
454 29 153.298
454 30 158.292
454 31 133.323
454 32 138.316
454 33 143.31
454 34 148.303
454 35 153.298
454 36 133.323
454 37 138.316
454 38 143.31
454 39 148.303
454 40 153.298
454 41 133.323
454 42 138.316
454 43 143.31
454 44 148.303
454 45 153.298
454 46 133.323
454 47 138.316
454 48 143.31
454 49 148.303
454 50 133.323
454 51 138.316
454 52 143.31
454 53 148.303
454 54 133.323
454 55 138.316
454 56 143.31
454 57 148.303
454 58 133.323
454 59 138.316
454 60 143.31
454 61 133.323
454 62 138.316
454 63 143.31
454 64 133.323
454 65 138.316
454 66 133.323
454 67 138.316
455 0 173.076
455 1 177.99
455 2 182.907
455 3 187.83
455 4 192.756
455 5 197.686
455 6 173.076
455 7 177.99
455 8 182.907
455 9 187.83
455 10 192.756
455 11 197.686
455 12 173.076
455 13 177.99
455 14 182.907
455 15 187.83
455 16 192.756
455 17 197.686
455 18 173.076
455 19 177.99
455 20 182.907
455 21 187.83
455 22 192.756
455 23 173.076
455 24 177.99
455 25 182.907
455 26 187.83
455 27 192.756
455 28 173.076
455 29 177.99
455 30 182.907
455 31 187.83
455 32 192.756
455 33 173.076
455 34 177.99
455 35 182.907
455 36 187.83
455 37 192.756
455 38 173.076
455 39 177.99
455 40 182.907
455 41 187.83
455 42 173.076
455 43 177.99
455 44 182.907
455 45 187.83
455 46 173.076
455 47 177.99
455 48 182.907
455 49 187.83
455 50 173.076
455 51 177.99
455 52 182.907
455 53 173.076
455 54 177.99
455 55 182.907
455 56 173.076
455 57 177.99
455 58 173.076
455 59 177.99
455 60 173.076
458 0 130.486
458 1 132.447
458 2 134.566
458 3 136.835
458 4 139.247
458 5 141.594
458 6 130.486
458 7 132.447
458 8 134.566
458 9 136.835
458 10 139.247
468 0 82.96
468 1 86.39
468 2 89.968
468 3 93.676
468 4 97.499
468 5 101.425
468 6 105.442
468 7 109.54
468 8 113.71
468 9 117.461
468 10 121.041
468 11 124.717
468 12 128.484
468 13 132.332
468 14 136.255
468 15 140.246
468 16 144.301
468 17 148.413
468 18 152.578
468 19 156.792
468 20 161.051
468 21 165.351
468 22 169.69
468 23 174.064
468 24 178.472
468 25 182.91
468 26 187.376
468 27 191.868
468 28 196.385
468 29 200.925
468 30 205.487
468 31 210.068
468 32 214.668
468 33 219.286
468 34 82.96
468 35 86.39
468 36 89.968
468 37 93.676
468 38 97.499
468 39 101.425
468 40 105.442
468 41 109.54
468 42 113.71
468 43 117.461
468 44 121.041
468 45 124.717
468 46 128.484
468 47 132.332
468 48 136.255
468 49 140.246
468 50 144.301
468 51 148.413
468 52 152.578
468 53 156.792
468 54 161.051
468 55 165.351
468 56 169.69
468 57 174.064
468 58 178.472
468 59 182.91
468 60 187.376
468 61 191.868
468 62 196.385
468 63 200.925
468 64 205.487
468 65 210.068
468 66 214.668
468 67 219.286
468 68 82.96
468 69 86.39
468 70 89.968
468 71 93.676
468 72 97.499
468 73 101.425
468 74 105.442
468 75 109.54
468 76 113.71
468 77 117.461
468 78 121.041
468 79 124.717
468 80 128.484
468 81 132.332
468 82 136.255
468 83 140.246
468 84 144.301
468 85 148.413
468 86 152.578
468 87 156.792
468 88 161.051
468 89 165.351
468 90 169.69
468 91 174.064
468 92 178.472
468 93 182.91
468 94 187.376
468 95 191.868
468 96 196.385
468 97 200.925
468 98 205.487
468 99 210.068
468 100 214.668
468 101 82.96
468 102 86.39
468 103 89.968
468 104 93.676
468 105 97.499
468 106 101.425
468 107 105.442
468 108 109.54
468 109 113.71
468 110 117.461
468 111 121.041
468 112 124.717
468 113 128.484
468 114 132.332
468 115 136.255
468 116 140.246
468 117 144.301
468 118 148.413
468 119 152.578
468 120 156.792
468 121 161.051
468 122 165.351
468 123 169.69
468 124 174.064
468 125 178.472
468 126 182.91
468 127 187.376
468 128 191.868
468 129 196.385
468 130 200.925
468 131 205.487
468 132 210.068
468 133 82.96
468 134 86.39
468 135 89.968
468 136 93.676
468 137 97.499
468 138 101.425
468 139 105.442
468 140 109.54
468 141 113.71
468 142 117.461
468 143 121.041
468 144 124.717
468 145 128.484
468 146 132.332
468 147 136.255
468 148 140.246
468 149 144.301
468 150 148.413
468 151 152.578
468 152 156.792
468 153 161.051
468 154 165.351
468 155 169.69
468 156 174.064
468 157 178.472
468 158 182.91
468 159 187.376
468 160 191.868
468 161 196.385
468 162 200.925
468 163 205.487
468 164 82.96
468 165 86.39
468 166 89.968
468 167 93.676
468 168 97.499
468 169 101.425
468 170 105.442
468 171 109.54
468 172 113.71
468 173 117.461
468 174 121.041
468 175 124.717
468 176 128.484
468 177 132.332
468 178 136.255
468 179 140.246
468 180 144.301
468 181 148.413
468 182 152.578
468 183 156.792
468 184 161.051
468 185 165.351
468 186 169.69
468 187 174.064
468 188 178.472
468 189 182.91
468 190 187.376
468 191 191.868
468 192 196.385
468 193 82.96
468 194 86.39
468 195 89.968
468 196 93.676
468 197 97.499
468 198 101.425
468 199 105.442
468 200 109.54
468 201 113.71
468 202 117.461
468 203 121.041
468 204 124.717
468 205 128.484
468 206 132.332
468 207 136.255
468 208 140.246
468 209 144.301
468 210 148.413
468 211 152.578
468 212 156.792
468 213 161.051
468 214 165.351
468 215 169.69
468 216 174.064
468 217 178.472
468 218 182.91
468 219 187.376
468 220 191.868
468 221 82.96
468 222 86.39
468 223 89.968
468 224 93.676
468 225 97.499
468 226 101.425
468 227 105.442
468 228 109.54
468 229 113.71
468 230 117.461
468 231 121.041
468 232 124.717
468 233 128.484
468 234 132.332
468 235 136.255
468 236 140.246
468 237 144.301
468 238 148.413
468 239 152.578
468 240 156.792
468 241 161.051
468 242 165.351
468 243 169.69
468 244 174.064
468 245 178.472
468 246 182.91
468 247 187.376
468 248 82.96
468 249 86.39
468 250 89.968
468 251 93.676
468 252 97.499
468 253 101.425
468 254 105.442
468 255 109.54
468 256 113.71
468 257 117.461
468 258 121.041
468 259 124.717
468 260 128.484
468 261 132.332
468 262 136.255
468 263 140.246
468 264 144.301
468 265 148.413
468 266 152.578
468 267 156.792
468 268 161.051
468 269 165.351
468 270 169.69
468 271 174.064
468 272 178.472
468 273 82.96
468 274 86.39
468 275 89.968
468 276 93.676
468 277 97.499
468 278 101.425
468 279 105.442
468 280 109.54
468 281 113.71
468 282 117.461
468 283 121.041
468 284 124.717
468 285 128.484
468 286 132.332
468 287 136.255
468 288 140.246
468 289 144.301
468 290 148.413
468 291 152.578
468 292 156.792
468 293 161.051
468 294 165.351
468 295 169.69
468 296 174.064
468 297 82.96
468 298 86.39
468 299 89.968
468 300 93.676
468 301 97.499
468 302 101.425
468 303 105.442
468 304 109.54
468 305 113.71
468 306 117.461
468 307 121.041
468 308 124.717
468 309 128.484
468 310 132.332
468 311 136.255
468 312 140.246
468 313 144.301
468 314 148.413
468 315 152.578
468 316 156.792
468 317 161.051
468 318 165.351
468 319 82.96
468 320 86.39
468 321 89.968
468 322 93.676
468 323 97.499
468 324 101.425
468 325 105.442
468 326 109.54
468 327 113.71
468 328 117.461
468 329 121.041
468 330 124.717
468 331 128.484
468 332 132.332
468 333 136.255
468 334 140.246
468 335 144.301
468 336 148.413
468 337 152.578
468 338 156.792
468 339 82.96
468 340 86.39
468 341 89.968
468 342 93.676
468 343 97.499
468 344 101.425
468 345 105.442
468 346 109.54
468 347 113.71
468 348 117.461
468 349 121.041
468 350 124.717
468 351 128.484
468 352 132.332
468 353 136.255
468 354 140.246
468 355 144.301
468 356 148.413
468 357 82.96
468 358 86.39
468 359 89.968
468 360 93.676
468 361 97.499
468 362 101.425
468 363 105.442
468 364 109.54
468 365 113.71
468 366 117.461
468 367 121.041
468 368 124.717
468 369 128.484
468 370 132.332
468 371 136.255
468 372 140.246
468 373 82.96
468 374 86.39
468 375 89.968
468 376 93.676
468 377 97.499
468 378 101.425
468 379 105.442
468 380 109.54
468 381 113.71
468 382 117.461
468 383 121.041
468 384 124.717
468 385 128.484
483 0 82.96
483 1 86.39
483 2 89.968
483 3 93.676
483 4 97.499
483 5 101.425
483 6 105.442
483 7 109.54
483 8 113.71
483 9 117.461
483 10 121.041
483 11 124.717
483 12 128.484
483 13 132.332
483 14 136.255
483 15 140.246
483 16 144.301
483 17 148.413
483 18 152.578
483 19 156.792
483 20 161.051
483 21 165.351
483 22 169.69
483 23 174.064
483 24 178.472
483 25 182.91
483 26 187.376
483 27 191.868
483 28 196.385
483 29 200.925
483 30 205.487
483 31 210.068
483 32 214.668
483 33 219.286
483 34 223.92
483 35 228.57
483 36 233.234
483 37 238.104
483 38 243.067
483 39 248.031
483 40 252.997
483 41 82.96
483 42 86.39
483 43 89.968
483 44 93.676
483 45 97.499
483 46 101.425
483 47 105.442
483 48 109.54
483 49 113.71
483 50 117.461
483 51 121.041
483 52 124.717
483 53 128.484
483 54 132.332
483 55 136.255
483 56 140.246
483 57 144.301
483 58 148.413
483 59 152.578
483 60 156.792
483 61 161.051
483 62 165.351
483 63 169.69
483 64 174.064
483 65 178.472
483 66 182.91
483 67 187.376
483 68 191.868
483 69 196.385
483 70 200.925
483 71 205.487
483 72 210.068
483 73 214.668
483 74 219.286
483 75 223.92
483 76 228.57
483 77 233.234
483 78 238.104
483 79 243.067
483 80 248.031
483 81 82.96
483 82 86.39
483 83 89.968
483 84 93.676
483 85 97.499
483 86 101.425
483 87 105.442
483 88 109.54
483 89 113.71
483 90 117.461
483 91 121.041
483 92 124.717
483 93 128.484
483 94 132.332
483 95 136.255
483 96 140.246
483 97 144.301
483 98 148.413
483 99 152.578
483 100 156.792
483 101 161.051
483 102 165.351
483 103 169.69
483 104 174.064
483 105 178.472
483 106 182.91
483 107 187.376
483 108 191.868
483 109 196.385
483 110 200.925
483 111 205.487
483 112 210.068
483 113 214.668
483 114 219.286
483 115 223.92
483 116 228.57
483 117 233.234
483 118 238.104
483 119 243.067
483 120 82.96
483 121 86.39
483 122 89.968
483 123 93.676
483 124 97.499
483 125 101.425
483 126 105.442
483 127 109.54
483 128 113.71
483 129 117.461
483 130 121.041
483 131 124.717
483 132 128.484
483 133 132.332
483 134 136.255
483 135 140.246
483 136 144.301
483 137 148.413
483 138 152.578
483 139 156.792
483 140 161.051
483 141 165.351
483 142 169.69
483 143 174.064
483 144 178.472
483 145 182.91
483 146 187.376
483 147 191.868
483 148 196.385
483 149 200.925
483 150 205.487
483 151 210.068
483 152 214.668
483 153 219.286
483 154 223.92
483 155 228.57
483 156 233.234
483 157 238.104
483 158 82.96
483 159 86.39
483 160 89.968
483 161 93.676
483 162 97.499
483 163 101.425
483 164 105.442
483 165 109.54
483 166 113.71
483 167 117.461
483 168 121.041
483 169 124.717
483 170 128.484
483 171 132.332
483 172 136.255
483 173 140.246
483 174 144.301
483 175 148.413
483 176 152.578
483 177 156.792
483 178 161.051
483 179 165.351
483 180 169.69
483 181 174.064
483 182 178.472
483 183 182.91
483 184 187.376
483 185 191.868
483 186 196.385
483 187 200.925
483 188 205.487
483 189 210.068
483 190 214.668
483 191 219.286
483 192 223.92
483 193 228.57
483 194 233.234
483 195 82.96
483 196 86.39
483 197 89.968
483 198 93.676
483 199 97.499
483 200 101.425
483 201 105.442
483 202 109.54
483 203 113.71
483 204 117.461
483 205 121.041
483 206 124.717
483 207 128.484
483 208 132.332
483 209 136.255
483 210 140.246
483 211 144.301
483 212 148.413
483 213 152.578
483 214 156.792
483 215 161.051
483 216 165.351
483 217 169.69
483 218 174.064
483 219 178.472
483 220 182.91
483 221 187.376
483 222 191.868
483 223 196.385
483 224 200.925
483 225 205.487
483 226 210.068
483 227 214.668
483 228 219.286
483 229 223.92
483 230 228.57
483 231 82.96
483 232 86.39
483 233 89.968
483 234 93.676
483 235 97.499
483 236 101.425
483 237 105.442
483 238 109.54
483 239 113.71
483 240 117.461
483 241 121.041
483 242 124.717
483 243 128.484
483 244 132.332
483 245 136.255
483 246 140.246
483 247 144.301
483 248 148.413
483 249 152.578
483 250 156.792
483 251 161.051
483 252 165.351
483 253 169.69
483 254 174.064
483 255 178.472
483 256 182.91
483 257 187.376
483 258 191.868
483 259 196.385
483 260 200.925
483 261 205.487
483 262 210.068
483 263 214.668
483 264 219.286
483 265 82.96
483 266 86.39
483 267 89.968
483 268 93.676
483 269 97.499
483 270 101.425
483 271 105.442
483 272 109.54
483 273 113.71
483 274 117.461
483 275 121.041
483 276 124.717
483 277 128.484
483 278 132.332
483 279 136.255
483 280 140.246
483 281 144.301
483 282 148.413
483 283 152.578
483 284 156.792
483 285 161.051
483 286 165.351
483 287 169.69
483 288 174.064
483 289 178.472
483 290 182.91
483 291 187.376
483 292 191.868
483 293 196.385
483 294 200.925
483 295 205.487
483 296 210.068
483 297 214.668
483 298 82.96
483 299 86.39
483 300 89.968
483 301 93.676
483 302 97.499
483 303 101.425
483 304 105.442
483 305 109.54
483 306 113.71
483 307 117.461
483 308 121.041
483 309 124.717
483 310 128.484
483 311 132.332
483 312 136.255
483 313 140.246
483 314 144.301
483 315 148.413
483 316 152.578
483 317 156.792
483 318 161.051
483 319 165.351
483 320 169.69
483 321 174.064
483 322 178.472
483 323 182.91
483 324 187.376
483 325 191.868
483 326 196.385
483 327 200.925
483 328 205.487
483 329 82.96
483 330 86.39
483 331 89.968
483 332 93.676
483 333 97.499
483 334 101.425
483 335 105.442
483 336 109.54
483 337 113.71
483 338 117.461
483 339 121.041
483 340 124.717
483 341 128.484
483 342 132.332
483 343 136.255
483 344 140.246
483 345 144.301
483 346 148.413
483 347 152.578
483 348 156.792
483 349 161.051
483 350 165.351
483 351 169.69
483 352 174.064
483 353 178.472
483 354 182.91
483 355 187.376
483 356 191.868
483 357 82.96
483 358 86.39
483 359 89.968
483 360 93.676
483 361 97.499
483 362 101.425
483 363 105.442
483 364 109.54
483 365 113.71
483 366 117.461
483 367 121.041
483 368 124.717
483 369 128.484
483 370 132.332
483 371 136.255
483 372 140.246
483 373 144.301
483 374 148.413
483 375 152.578
483 376 156.792
483 377 161.051
483 378 165.351
483 379 169.69
483 380 174.064
483 381 178.472
483 382 82.96
483 383 86.39
483 384 89.968
483 385 93.676
483 386 97.499
483 387 101.425
483 388 105.442
483 389 109.54
483 390 113.71
483 391 117.461
483 392 121.041
483 393 124.717
483 394 128.484
483 395 132.332
483 396 136.255
483 397 140.246
483 398 144.301
483 399 148.413
483 400 152.578
483 401 156.792
483 402 161.051
483 403 165.351
484 0 179.783
484 1 176.155
484 2 172.578
484 3 169.072
484 4 165.643
484 5 163.02
484 6 160.549
484 7 157.569
484 8 154.635
484 9 151.61
484 10 148.538
484 11 145.572
484 12 142.721
484 13 139.745
484 14 136.877
484 15 134.184
484 16 131.628
484 17 128.812
484 18 126.1
484 19 123.531
484 20 121.114
484 21 118.858
484 22 116.772
484 23 114.867
484 24 113.15
484 25 111.632
484 26 110.314
484 27 109.208
484 28 108.321
484 29 107.659
484 30 107.226
484 31 107.127
484 32 107.127
484 33 107.127
484 34 107.127
484 35 107.127
484 36 107.266
484 37 107.637
484 38 108.239
484 39 109.066
484 40 110.114
484 41 111.251
484 42 112.598
484 43 114.149
484 44 115.904
484 45 118.005
484 46 120.278
484 47 122.795
484 48 125.47
484 49 128.285
484 50 131.23
484 51 134.297
484 52 137.477
484 53 140.763
484 54 144.148
484 55 147.624
484 56 151.186
484 57 154.827
484 58 158.543
484 59 162.327
484 60 166.176
484 61 170.085
484 62 174.05
484 63 178.066
484 64 182.132
484 65 186.243
484 66 190.187
484 67 193.997
484 68 197.186
484 69 200.23
484 70 203.351
484 71 206.545
484 72 209.81
484 73 212.993
484 74 216.117
484 75 219.31
484 76 222.57
484 77 225.894
484 78 229.278
484 79 232.555
484 80 235.427
484 81 238.37
484 82 241.38
484 83 244.455
484 84 247.594
484 85 251.545
484 86 255.608
484 87 259.814
484 88 264.659
484 89 269.659
484 90 274.653
484 91 178.335
484 92 174.716
484 93 171.166
484 94 167.691
484 95 164.557
484 96 162.017
484 97 159.379
484 98 156.383
484 99 153.491
484 100 150.368
484 101 147.338
484 102 144.418
484 103 141.523
484 104 138.584
484 105 135.783
484 106 133.145
484 107 130.504
484 108 127.711
484 109 125.055
484 110 122.545
484 111 120.191
484 112 118.003
484 113 115.988
484 114 114.157
484 115 112.519
484 116 111.081
484 117 109.846
484 118 108.826
484 119 108.029
484 120 107.458
484 121 107.155
484 122 107.127
484 123 107.127
484 124 107.127
484 125 107.127
484 126 107.127
484 127 107.266
484 128 107.637
484 129 108.239
484 130 109.066
484 131 110.114
484 132 111.251
484 133 112.598
484 134 114.149
484 135 115.904
484 136 118.005
484 137 120.278
484 138 122.795
484 139 125.47
484 140 128.285
484 141 131.23
484 142 134.297
484 143 137.477
484 144 140.763
484 145 144.148
484 146 147.624
484 147 151.186
484 148 154.827
484 149 158.543
484 150 162.327
484 151 166.176
484 152 170.085
484 153 174.05
484 154 178.066
484 155 182.132
484 156 186.243
484 157 190.187
484 158 193.997
484 159 197.186
484 160 200.23
484 161 203.351
484 162 206.545
484 163 209.81
484 164 212.993
484 165 216.117
484 166 219.31
484 167 222.57
484 168 225.894
484 169 229.278
484 170 232.555
484 171 235.427
484 172 238.37
484 173 241.38
484 174 244.455
484 175 247.594
484 176 251.545
484 177 255.608
484 178 259.814
484 179 264.659
484 180 269.659
484 181 274.653
484 182 177.606
484 183 174
484 184 170.465
484 185 167.005
484 186 164.04
484 187 161.523
484 188 158.772
484 189 155.796
484 190 152.867
484 191 149.754
484 192 146.745
484 193 143.847
484 194 140.926
484 195 138.01
484 196 135.245
484 197 132.634
484 198 129.935
484 199 127.168
484 200 124.541
484 201 122.062
484 202 119.74
484 203 117.585
484 204 115.607
484 205 113.814
484 206 112.215
484 207 110.817
484 208 109.624
484 209 108.649
484 210 107.896
484 211 107.372
484 212 107.137
484 213 107.127
484 214 107.127
484 215 107.127
484 216 107.127
484 217 107.127
484 218 107.266
484 219 107.637
484 220 108.239
484 221 109.066
484 222 110.114
484 223 111.251
484 224 112.598
484 225 114.149
484 226 115.904
484 227 118.005
484 228 120.278
484 229 122.795
484 230 125.47
484 231 128.285
484 232 131.23
484 233 134.297
484 234 137.477
484 235 140.763
484 236 144.148
484 237 147.624
484 238 151.186
484 239 154.827
484 240 158.543
484 241 162.327
484 242 166.176
484 243 170.085
484 244 174.05
484 245 178.066
484 246 182.132
484 247 186.243
484 248 190.187
484 249 193.997
484 250 197.186
484 251 200.23
484 252 203.351
484 253 206.545
484 254 209.81
484 255 212.993
484 256 216.117
484 257 219.31
484 258 222.57
484 259 225.894
484 260 229.278
484 261 232.555
484 262 235.427
484 263 238.37
484 264 241.38
484 265 244.455
484 266 247.594
484 267 251.545
484 268 255.608
484 269 259.814
484 270 264.659
484 271 269.659
484 272 176.155
484 273 172.578
484 274 169.072
484 275 165.643
484 276 163.02
484 277 160.549
484 278 157.569
484 279 154.635
484 280 151.61
484 281 148.538
484 282 145.572
484 283 142.721
484 284 139.745
484 285 136.877
484 286 134.184
484 287 131.628
484 288 128.812
484 289 126.1
484 290 123.531
484 291 121.114
484 292 118.858
484 293 116.772
484 294 114.867
484 295 113.15
484 296 111.632
484 297 110.314
484 298 109.208
484 299 108.321
484 300 107.659
484 301 107.226
484 302 107.127
484 303 107.127
484 304 107.127
484 305 107.127
484 306 107.127
484 307 107.127
484 308 107.266
484 309 107.637
484 310 108.239
484 311 109.066
484 312 110.114
484 313 111.251
484 314 112.598
484 315 114.149
484 316 115.904
484 317 118.005
484 318 120.278
484 319 122.795
484 320 125.47
484 321 128.285
484 322 131.23
484 323 134.297
484 324 137.477
484 325 140.763
484 326 144.148
484 327 147.624
484 328 151.186
484 329 154.827
484 330 158.543
484 331 162.327
484 332 166.176
484 333 170.085
484 334 174.05
484 335 178.066
484 336 182.132
484 337 186.243
484 338 190.187
484 339 193.997
484 340 197.186
484 341 200.23
484 342 203.351
484 343 206.545
484 344 209.81
484 345 212.993
484 346 216.117
484 347 219.31
484 348 222.57
484 349 225.894
484 350 229.278
484 351 232.555
484 352 235.427
484 353 238.37
484 354 241.38
484 355 244.455
484 356 247.594
484 357 251.545
484 358 255.608
484 359 259.814
484 360 264.659
484 361 269.659
484 362 174.716
484 363 171.166
484 364 167.691
484 365 164.557
484 366 162.017
484 367 159.379
484 368 156.383
484 369 153.491
484 370 150.368
484 371 147.338
484 372 144.418
484 373 141.523
484 374 138.584
484 375 135.783
484 376 133.145
484 377 130.504
484 378 127.711
484 379 125.055
484 380 122.545
484 381 120.191
484 382 118.003
484 383 115.988
484 384 114.157
484 385 112.519
484 386 111.081
484 387 109.846
484 388 108.826
484 389 108.029
484 390 107.458
484 391 107.155
484 392 107.127
484 393 107.127
484 394 107.127
484 395 107.127
484 396 107.127
484 397 107.127
484 398 107.266
484 399 107.637
484 400 108.239
484 401 109.066
484 402 110.114
484 403 111.251
484 404 112.598
484 405 114.149
484 406 115.904
484 407 118.005
484 408 120.278
484 409 122.795
484 410 125.47
484 411 128.285
484 412 131.23
484 413 134.297
484 414 137.477
484 415 140.763
484 416 144.148
484 417 147.624
484 418 151.186
484 419 154.827
484 420 158.543
484 421 162.327
484 422 166.176
484 423 170.085
484 424 174.05
484 425 178.066
484 426 182.132
484 427 186.243
484 428 190.187
484 429 193.997
484 430 197.186
484 431 200.23
484 432 203.351
484 433 206.545
484 434 209.81
484 435 212.993
484 436 216.117
484 437 219.31
484 438 222.57
484 439 225.894
484 440 229.278
484 441 232.555
484 442 235.427
484 443 238.37
484 444 241.38
484 445 244.455
484 446 247.594
484 447 251.545
484 448 255.608
484 449 259.814
484 450 264.659
484 451 269.659
484 452 172.578
484 453 169.072
484 454 165.643
484 455 163.02
484 456 160.549
484 457 157.569
484 458 154.635
484 459 151.61
484 460 148.538
484 461 145.572
484 462 142.721
484 463 139.745
484 464 136.877
484 465 134.184
484 466 131.628
484 467 128.812
484 468 126.1
484 469 123.531
484 470 121.114
484 471 118.858
484 472 116.772
484 473 114.867
484 474 113.15
484 475 111.632
484 476 110.314
484 477 109.208
484 478 108.321
484 479 107.659
484 480 107.226
484 481 107.127
484 482 107.127
484 483 107.127
484 484 107.127
484 485 107.127
484 486 107.127
484 487 107.127
484 488 107.266
484 489 107.637
484 490 108.239
484 491 109.066
484 492 110.114
484 493 111.251
484 494 112.598
484 495 114.149
484 496 115.904
484 497 118.005
484 498 120.278
484 499 122.795
484 500 125.47
484 501 128.285
484 502 131.23
484 503 134.297
484 504 137.477
484 505 140.763
484 506 144.148
484 507 147.624
484 508 151.186
484 509 154.827
484 510 158.543
484 511 162.327
484 512 166.176
484 513 170.085
484 514 174.05
484 515 178.066
484 516 182.132
484 517 186.243
484 518 190.187
484 519 193.997
484 520 197.186
484 521 200.23
484 522 203.351
484 523 206.545
484 524 209.81
484 525 212.993
484 526 216.117
484 527 219.31
484 528 222.57
484 529 225.894
484 530 229.278
484 531 232.555
484 532 235.427
484 533 238.37
484 534 241.38
484 535 244.455
484 536 247.594
484 537 251.545
484 538 255.608
484 539 259.814
484 540 264.659
484 541 171.166
484 542 167.691
484 543 164.557
484 544 162.017
484 545 159.379
484 546 156.383
484 547 153.491
484 548 150.368
484 549 147.338
484 550 144.418
484 551 141.523
484 552 138.584
484 553 135.783
484 554 133.145
484 555 130.504
484 556 127.711
484 557 125.055
484 558 122.545
484 559 120.191
484 560 118.003
484 561 115.988
484 562 114.157
484 563 112.519
484 564 111.081
484 565 109.846
484 566 108.826
484 567 108.029
484 568 107.458
484 569 107.155
484 570 107.127
484 571 107.127
484 572 107.127
484 573 107.127
484 574 107.127
484 575 107.127
484 576 107.127
484 577 107.266
484 578 107.637
484 579 108.239
484 580 109.066
484 581 110.114
484 582 111.251
484 583 112.598
484 584 114.149
484 585 115.904
484 586 118.005
484 587 120.278
484 588 122.795
484 589 125.47
484 590 128.285
484 591 131.23
484 592 134.297
484 593 137.477
484 594 140.763
484 595 144.148
484 596 147.624
484 597 151.186
484 598 154.827
484 599 158.543
484 600 162.327
484 601 166.176
484 602 170.085
484 603 174.05
484 604 178.066
484 605 182.132
484 606 186.243
484 607 190.187
484 608 193.997
484 609 197.186
484 610 200.23
484 611 203.351
484 612 206.545
484 613 209.81
484 614 212.993
484 615 216.117
484 616 219.31
484 617 222.57
484 618 225.894
484 619 229.278
484 620 232.555
484 621 235.427
484 622 238.37
484 623 241.38
484 624 244.455
484 625 247.594
484 626 251.545
484 627 255.608
484 628 259.814
484 629 264.659
484 630 169.072
484 631 165.643
484 632 163.02
484 633 160.549
484 634 157.569
484 635 154.635
484 636 151.61
484 637 148.538
484 638 145.572
484 639 142.721
484 640 139.745
484 641 136.877
484 642 134.184
484 643 131.628
484 644 128.812
484 645 126.1
484 646 123.531
484 647 121.114
484 648 118.858
484 649 116.772
484 650 114.867
484 651 113.15
484 652 111.632
484 653 110.314
484 654 109.208
484 655 108.321
484 656 107.659
484 657 107.226
484 658 107.127
484 659 107.127
484 660 107.127
484 661 107.127
484 662 107.127
484 663 107.127
484 664 107.127
484 665 107.127
484 666 107.266
484 667 107.637
484 668 108.239
484 669 109.066
484 670 110.114
484 671 111.251
484 672 112.598
484 673 114.149
484 674 115.904
484 675 118.005
484 676 120.278
484 677 122.795
484 678 125.47
484 679 128.285
484 680 131.23
484 681 134.297
484 682 137.477
484 683 140.763
484 684 144.148
484 685 147.624
484 686 151.186
484 687 154.827
484 688 158.543
484 689 162.327
484 690 166.176
484 691 170.085
484 692 174.05
484 693 178.066
484 694 182.132
484 695 186.243
484 696 190.187
484 697 193.997
484 698 197.186
484 699 200.23
484 700 203.351
484 701 206.545
484 702 209.81
484 703 212.993
484 704 216.117
484 705 219.31
484 706 222.57
484 707 225.894
484 708 229.278
484 709 232.555
484 710 235.427
484 711 238.37
484 712 241.38
484 713 244.455
484 714 247.594
484 715 251.545
484 716 255.608
484 717 259.814
484 718 167.005
484 719 164.04
484 720 161.523
484 721 158.772
484 722 155.796
484 723 152.867
484 724 149.754
484 725 146.745
484 726 143.847
484 727 140.926
484 728 138.01
484 729 135.245
484 730 132.634
484 731 129.935
484 732 127.168
484 733 124.541
484 734 122.062
484 735 119.74
484 736 117.585
484 737 115.607
484 738 113.814
484 739 112.215
484 740 110.817
484 741 109.624
484 742 108.649
484 743 107.896
484 744 107.372
484 745 107.137
484 746 107.127
484 747 107.127
484 748 107.127
484 749 107.127
484 750 107.127
484 751 107.127
484 752 107.127
484 753 107.127
484 754 107.266
484 755 107.637
484 756 108.239
484 757 109.066
484 758 110.114
484 759 111.251
484 760 112.598
484 761 114.149
484 762 115.904
484 763 118.005
484 764 120.278
484 765 122.795
484 766 125.47
484 767 128.285
484 768 131.23
484 769 134.297
484 770 137.477
484 771 140.763
484 772 144.148
484 773 147.624
484 774 151.186
484 775 154.827
484 776 158.543
484 777 162.327
484 778 166.176
484 779 170.085
484 780 174.05
484 781 178.066
484 782 182.132
484 783 186.243
484 784 190.187
484 785 193.997
484 786 197.186
484 787 200.23
484 788 203.351
484 789 206.545
484 790 209.81
484 791 212.993
484 792 216.117
484 793 219.31
484 794 222.57
484 795 225.894
484 796 229.278
484 797 232.555
484 798 235.427
484 799 238.37
484 800 241.38
484 801 244.455
484 802 247.594
484 803 251.545
484 804 255.608
484 805 165.079
484 806 162.516
484 807 159.99
484 808 156.974
484 809 154.061
484 810 150.987
484 811 147.936
484 812 144.993
484 813 142.125
484 814 139.162
484 815 136.327
484 816 133.662
484 817 131.079
484 818 128.259
484 819 125.575
484 820 123.035
484 821 120.649
484 822 118.427
484 823 116.377
484 824 114.508
484 825 112.83
484 826 111.352
484 827 110.076
484 828 109.012
484 829 108.17
484 830 107.554
484 831 107.184
484 832 107.127
484 833 107.127
484 834 107.127
484 835 107.127
484 836 107.127
484 837 107.127
484 838 107.127
484 839 107.127
484 840 107.127
484 841 107.266
484 842 107.637
484 843 108.239
484 844 109.066
484 845 110.114
484 846 111.251
484 847 112.598
484 848 114.149
484 849 115.904
484 850 118.005
484 851 120.278
484 852 122.795
484 853 125.47
484 854 128.285
484 855 131.23
484 856 134.297
484 857 137.477
484 858 140.763
484 859 144.148
484 860 147.624
484 861 151.186
484 862 154.827
484 863 158.543
484 864 162.327
484 865 166.176
484 866 170.085
484 867 174.05
484 868 178.066
484 869 182.132
484 870 186.243
484 871 190.187
484 872 193.997
484 873 197.186
484 874 200.23
484 875 203.351
484 876 206.545
484 877 209.81
484 878 212.993
484 879 216.117
484 880 219.31
484 881 222.57
484 882 225.894
484 883 229.278
484 884 232.555
484 885 235.427
484 886 238.37
484 887 241.38
484 888 244.455
484 889 247.594
484 890 251.545
484 891 255.608
484 892 163.528
484 893 161.034
484 894 158.168
484 895 155.213
484 896 152.236
484 897 149.144
484 898 146.156
484 899 143.281
484 900 140.333
484 901 137.441
484 902 134.712
484 903 132.128
484 904 129.371
484 905 126.631
484 906 124.033
484 907 121.585
484 908 119.296
484 909 117.175
484 910 115.233
484 911 113.478
484 912 111.919
484 913 110.561
484 914 109.411
484 915 108.48
484 916 107.773
484 917 107.294
484 918 107.127
484 919 107.127
484 920 107.127
484 921 107.127
484 922 107.127
484 923 107.127
484 924 107.127
484 925 107.127
484 926 107.127
484 927 107.127
484 928 107.266
484 929 107.637
484 930 108.239
484 931 109.066
484 932 110.114
484 933 111.251
484 934 112.598
484 935 114.149
484 936 115.904
484 937 118.005
484 938 120.278
484 939 122.795
484 940 125.47
484 941 128.285
484 942 131.23
484 943 134.297
484 944 137.477
484 945 140.763
484 946 144.148
484 947 147.624
484 948 151.186
484 949 154.827
484 950 158.543
484 951 162.327
484 952 166.176
484 953 170.085
484 954 174.05
484 955 178.066
484 956 182.132
484 957 186.243
484 958 190.187
484 959 193.997
484 960 197.186
484 961 200.23
484 962 203.351
484 963 206.545
484 964 209.81
484 965 212.993
484 966 216.117
484 967 219.31
484 968 222.57
484 969 225.894
484 970 229.278
484 971 232.555
484 972 235.427
484 973 238.37
484 974 241.38
484 975 244.455
484 976 247.594
484 977 251.545
484 978 161.523
484 979 158.772
484 980 155.796
484 981 152.867
484 982 149.754
484 983 146.745
484 984 143.847
484 985 140.926
484 986 138.01
484 987 135.245
484 988 132.634
484 989 129.935
484 990 127.168
484 991 124.541
484 992 122.062
484 993 119.74
484 994 117.585
484 995 115.607
484 996 113.814
484 997 112.215
484 998 110.817
484 999 109.624
484 1000 108.649
484 1001 107.896
484 1002 107.372
484 1003 107.137
484 1004 107.127
484 1005 107.127
484 1006 107.127
484 1007 107.127
484 1008 107.127
484 1009 107.127
484 1010 107.127
484 1011 107.127
484 1012 107.127
484 1013 107.127
484 1014 107.266
484 1015 107.637
484 1016 108.239
484 1017 109.066
484 1018 110.114
484 1019 111.251
484 1020 112.598
484 1021 114.149
484 1022 115.904
484 1023 118.005
484 1024 120.278
484 1025 122.795
484 1026 125.47
484 1027 128.285
484 1028 131.23
484 1029 134.297
484 1030 137.477
484 1031 140.763
484 1032 144.148
484 1033 147.624
484 1034 151.186
484 1035 154.827
484 1036 158.543
484 1037 162.327
484 1038 166.176
484 1039 170.085
484 1040 174.05
484 1041 178.066
484 1042 182.132
484 1043 186.243
484 1044 190.187
484 1045 193.997
484 1046 197.186
484 1047 200.23
484 1048 203.351
484 1049 206.545
484 1050 209.81
484 1051 212.993
484 1052 216.117
484 1053 219.31
484 1054 222.57
484 1055 225.894
484 1056 229.278
484 1057 232.555
484 1058 235.427
484 1059 238.37
484 1060 241.38
484 1061 244.455
484 1062 247.594
484 1063 159.379
484 1064 156.383
484 1065 153.491
484 1066 150.368
484 1067 147.338
484 1068 144.418
484 1069 141.523
484 1070 138.584
484 1071 135.783
484 1072 133.145
484 1073 130.504
484 1074 127.711
484 1075 125.055
484 1076 122.545
484 1077 120.191
484 1078 118.003
484 1079 115.988
484 1080 114.157
484 1081 112.519
484 1082 111.081
484 1083 109.846
484 1084 108.826
484 1085 108.029
484 1086 107.458
484 1087 107.155
484 1088 107.127
484 1089 107.127
484 1090 107.127
484 1091 107.127
484 1092 107.127
484 1093 107.127
484 1094 107.127
484 1095 107.127
484 1096 107.127
484 1097 107.127
484 1098 107.127
484 1099 107.266
484 1100 107.637
484 1101 108.239
484 1102 109.066
484 1103 110.114
484 1104 111.251
484 1105 112.598
484 1106 114.149
484 1107 115.904
484 1108 118.005
484 1109 120.278
484 1110 122.795
484 1111 125.47
484 1112 128.285
484 1113 131.23
484 1114 134.297
484 1115 137.477
484 1116 140.763
484 1117 144.148
484 1118 147.624
484 1119 151.186
484 1120 154.827
484 1121 158.543
484 1122 162.327
484 1123 166.176
484 1124 170.085
484 1125 174.05
484 1126 178.066
484 1127 182.132
484 1128 186.243
484 1129 190.187
484 1130 193.997
484 1131 197.186
484 1132 200.23
484 1133 203.351
484 1134 206.545
484 1135 209.81
484 1136 212.993
484 1137 216.117
484 1138 219.31
484 1139 222.57
484 1140 225.894
484 1141 229.278
484 1142 232.555
484 1143 235.427
484 1144 238.37
484 1145 241.38
484 1146 244.455
484 1147 247.594
484 1148 156.974
484 1149 154.061
484 1150 150.987
484 1151 147.936
484 1152 144.993
484 1153 142.125
484 1154 139.162
484 1155 136.327
484 1156 133.662
484 1157 131.079
484 1158 128.259
484 1159 125.575
484 1160 123.035
484 1161 120.649
484 1162 118.427
484 1163 116.377
484 1164 114.508
484 1165 112.83
484 1166 111.352
484 1167 110.076
484 1168 109.012
484 1169 108.17
484 1170 107.554
484 1171 107.184
484 1172 107.127
484 1173 107.127
484 1174 107.127
484 1175 107.127
484 1176 107.127
484 1177 107.127
484 1178 107.127
484 1179 107.127
484 1180 107.127
484 1181 107.127
484 1182 107.127
484 1183 107.127
484 1184 107.266
484 1185 107.637
484 1186 108.239
484 1187 109.066
484 1188 110.114
484 1189 111.251
484 1190 112.598
484 1191 114.149
484 1192 115.904
484 1193 118.005
484 1194 120.278
484 1195 122.795
484 1196 125.47
484 1197 128.285
484 1198 131.23
484 1199 134.297
484 1200 137.477
484 1201 140.763
484 1202 144.148
484 1203 147.624
484 1204 151.186
484 1205 154.827
484 1206 158.543
484 1207 162.327
484 1208 166.176
484 1209 170.085
484 1210 174.05
484 1211 178.066
484 1212 182.132
484 1213 186.243
484 1214 190.187
484 1215 193.997
484 1216 197.186
484 1217 200.23
484 1218 203.351
484 1219 206.545
484 1220 209.81
484 1221 212.993
484 1222 216.117
484 1223 219.31
484 1224 222.57
484 1225 225.894
484 1226 229.278
484 1227 232.555
484 1228 235.427
484 1229 238.37
484 1230 241.38
484 1231 244.455
484 1232 154.061
484 1233 150.987
484 1234 147.936
484 1235 144.993
484 1236 142.125
484 1237 139.162
484 1238 136.327
484 1239 133.662
484 1240 131.079
484 1241 128.259
484 1242 125.575
484 1243 123.035
484 1244 120.649
484 1245 118.427
484 1246 116.377
484 1247 114.508
484 1248 112.83
484 1249 111.352
484 1250 110.076
484 1251 109.012
484 1252 108.17
484 1253 107.554
484 1254 107.184
484 1255 107.127
484 1256 107.127
484 1257 107.127
484 1258 107.127
484 1259 107.127
484 1260 107.127
484 1261 107.127
484 1262 107.127
484 1263 107.127
484 1264 107.127
484 1265 107.127
484 1266 107.127
484 1267 107.127
484 1268 107.266
484 1269 107.637
484 1270 108.239
484 1271 109.066
484 1272 110.114
484 1273 111.251
484 1274 112.598
484 1275 114.149
484 1276 115.904
484 1277 118.005
484 1278 120.278
484 1279 122.795
484 1280 125.47
484 1281 128.285
484 1282 131.23
484 1283 134.297
484 1284 137.477
484 1285 140.763
484 1286 144.148
484 1287 147.624
484 1288 151.186
484 1289 154.827
484 1290 158.543
484 1291 162.327
484 1292 166.176
484 1293 170.085
484 1294 174.05
484 1295 178.066
484 1296 182.132
484 1297 186.243
484 1298 190.187
484 1299 193.997
484 1300 197.186
484 1301 200.23
484 1302 203.351
484 1303 206.545
484 1304 209.81
484 1305 212.993
484 1306 216.117
484 1307 219.31
484 1308 222.57
484 1309 225.894
484 1310 229.278
484 1311 232.555
484 1312 235.427
484 1313 238.37
484 1314 241.38
485 0 107.754
485 1 104.724
485 2 101.85
485 3 98.908
485 4 95.949
485 5 93.186
485 6 90.614
485 7 88.227
485 8 86.038
485 9 84.09
485 10 82.4
485 11 80.983
485 12 79.855
485 13 79.028
485 14 78.332
485 15 77.785
485 16 77.557
485 17 77.55
485 18 77.55
485 19 77.55
485 20 77.55
485 21 77.651
485 22 78.066
485 23 78.797
485 24 79.817
485 25 81.082
485 26 82.63
485 27 106.524
485 28 103.555
485 29 100.746
485 30 97.704
485 31 94.821
485 32 92.133
485 33 89.643
485 34 87.324
485 35 85.229
485 36 83.382
485 37 81.8
485 38 80.497
485 39 79.488
485 40 78.783
485 41 78.076
485 42 77.656
485 43 77.55
485 44 77.55
485 45 77.55
485 46 77.55
485 47 77.55
485 48 77.651
485 49 78.066
485 50 78.797
485 51 79.817
485 52 81.082
485 53 105.918
485 54 102.98
485 55 100.139
485 56 97.111
485 57 94.269
485 58 91.619
485 59 89.166
485 60 86.886
485 61 84.84
485 62 83.044
485 63 81.516
485 64 80.271
485 65 79.322
485 66 78.639
485 67 77.966
485 68 77.61
485 69 77.55
485 70 77.55
485 71 77.55
485 72 77.55
485 73 77.55
485 74 77.651
485 75 78.066
485 76 78.797
485 77 79.817
485 78 81.082
485 79 104.724
485 80 101.85
485 81 98.908
485 82 95.949
485 83 93.186
485 84 90.614
485 85 88.227
485 86 86.038
485 87 84.09
485 88 82.4
485 89 80.983
485 90 79.855
485 91 79.028
485 92 78.332
485 93 77.785
485 94 77.557
485 95 77.55
485 96 77.55
485 97 77.55
485 98 77.55
485 99 77.55
485 100 77.651
485 101 78.066
485 102 78.797
485 103 79.817
485 104 81.082
485 105 103.555
485 106 100.746
485 107 97.704
485 108 94.821
485 109 92.133
485 110 89.643
485 111 87.324
485 112 85.229
485 113 83.382
485 114 81.8
485 115 80.497
485 116 79.488
485 117 78.783
485 118 78.076
485 119 77.656
485 120 77.55
485 121 77.55
485 122 77.55
485 123 77.55
485 124 77.55
485 125 77.55
485 126 77.651
485 127 78.066
485 128 78.797
485 129 79.817
485 130 101.85
485 131 98.908
485 132 95.949
485 133 93.186
485 134 90.614
485 135 88.227
485 136 86.038
485 137 84.09
485 138 82.4
485 139 80.983
485 140 79.855
485 141 79.028
485 142 78.332
485 143 77.785
485 144 77.557
485 145 77.55
485 146 77.55
485 147 77.55
485 148 77.55
485 149 77.55
485 150 77.55
485 151 77.651
485 152 78.066
485 153 78.797
485 154 79.817
485 155 100.746
485 156 97.704
485 157 94.821
485 158 92.133
485 159 89.643
485 160 87.324
485 161 85.229
485 162 83.382
485 163 81.8
485 164 80.497
485 165 79.488
485 166 78.783
485 167 78.076
485 168 77.656
485 169 77.55
485 170 77.55
485 171 77.55
485 172 77.55
485 173 77.55
485 174 77.55
485 175 77.55
485 176 77.651
485 177 78.066
485 178 78.797
485 179 98.908
485 180 95.949
485 181 93.186
485 182 90.614
485 183 88.227
485 184 86.038
485 185 84.09
485 186 82.4
485 187 80.983
485 188 79.855
485 189 79.028
485 190 78.332
485 191 77.785
485 192 77.557
485 193 77.55
485 194 77.55
485 195 77.55
485 196 77.55
485 197 77.55
485 198 77.55
485 199 77.55
485 200 77.651
485 201 78.066
485 202 78.797
485 203 97.111
485 204 94.269
485 205 91.619
485 206 89.166
485 207 86.886
485 208 84.84
485 209 83.044
485 210 81.516
485 211 80.271
485 212 79.322
485 213 78.639
485 214 77.966
485 215 77.61
485 216 77.55
485 217 77.55
485 218 77.55
485 219 77.55
485 220 77.55
485 221 77.55
485 222 77.55
485 223 77.55
485 224 77.651
485 225 78.066
485 226 95.382
485 227 92.655
485 228 90.124
485 229 87.771
485 230 85.629
485 231 83.731
485 232 82.094
485 233 80.734
485 234 79.665
485 235 78.899
485 236 78.198
485 237 77.714
485 238 77.55
485 239 77.55
485 240 77.55
485 241 77.55
485 242 77.55
485 243 77.55
485 244 77.55
485 245 77.55
485 246 77.55
485 247 77.651
485 248 93.723
485 249 91.112
485 250 88.692
485 251 86.457
485 252 84.46
485 253 82.717
485 254 81.244
485 255 80.057
485 256 79.169
485 257 78.479
485 258 77.869
485 259 77.577
485 260 77.55
485 261 77.55
485 262 77.55
485 263 77.55
485 264 77.55
485 265 77.55
485 266 77.55
485 267 77.55
485 268 77.55
485 269 77.651
485 270 91.619
485 271 89.166
485 272 86.886
485 273 84.84
485 274 83.044
485 275 81.516
485 276 80.271
485 277 79.322
485 278 78.639
485 279 77.966
485 280 77.61
485 281 77.55
485 282 77.55
485 283 77.55
485 284 77.55
485 285 77.55
485 286 77.55
485 287 77.55
485 288 77.55
485 289 77.55
485 290 77.55
485 291 89.643
485 292 87.324
485 293 85.229
485 294 83.382
485 295 81.8
485 296 80.497
485 297 79.488
485 298 78.783
485 299 78.076
485 300 77.656
485 301 77.55
485 302 77.55
485 303 77.55
485 304 77.55
485 305 77.55
485 306 77.55
485 307 77.55
485 308 77.55
485 309 77.55
485 310 77.55
485 311 87.771
485 312 85.629
485 313 83.731
485 314 82.094
485 315 80.734
485 316 79.665
485 317 78.899
485 318 78.198
485 319 77.714
485 320 77.55
485 321 77.55
485 322 77.55
485 323 77.55
485 324 77.55
485 325 77.55
485 326 77.55
485 327 77.55
485 328 77.55
485 329 77.55
485 330 85.629
485 331 83.731
485 332 82.094
485 333 80.734
485 334 79.665
485 335 78.899
485 336 78.198
485 337 77.714
485 338 77.55
485 339 77.55
485 340 77.55
485 341 77.55
485 342 77.55
485 343 77.55
485 344 77.55
485 345 77.55
485 346 77.55
485 347 77.55
486 0 186.136
486 1 181.227
486 2 176.324
486 3 171.558
486 4 166.926
486 5 162.316
486 6 157.692
486 7 153.104
486 8 148.576
486 9 144.079
486 10 139.601
486 11 135.158
486 12 130.856
486 13 126.702
486 14 122.872
486 15 118.402
486 16 113.891
486 17 109.379
486 18 105.003
486 19 100.732
486 20 96.531
486 21 92.231
486 22 88.464
486 23 84.825
486 24 186.136
486 25 181.227
486 26 176.324
486 27 171.558
486 28 166.926
486 29 162.316
486 30 157.692
486 31 153.104
486 32 148.576
486 33 144.079
486 34 139.601
486 35 135.158
486 36 130.856
486 37 126.702
486 38 122.872
486 39 118.402
486 40 113.891
486 41 109.379
486 42 105.003
486 43 100.732
486 44 96.531
486 45 92.231
486 46 88.464
486 47 84.825
486 48 185.154
486 49 180.246
486 50 175.344
486 51 170.63
486 52 166.002
486 53 161.396
486 54 156.768
486 55 152.196
486 56 147.674
486 57 143.181
486 58 138.709
486 59 134.274
486 60 130.019
486 61 125.929
486 62 122.117
486 63 117.462
486 64 113.015
486 65 108.465
486 66 104.144
486 67 99.886
486 68 95.7
486 69 91.469
486 70 87.726
486 71 84.114
486 72 185.154
486 73 180.246
486 74 175.344
486 75 170.63
486 76 166.002
486 77 161.396
486 78 156.768
486 79 152.196
486 80 147.674
486 81 143.181
486 82 138.709
486 83 134.274
486 84 130.019
486 85 125.929
486 86 122.117
486 87 117.462
486 88 113.015
486 89 108.465
486 90 104.144
486 91 99.886
486 92 95.7
486 93 91.469
486 94 87.726
486 95 84.114
486 96 184.172
486 97 179.265
486 98 174.364
486 99 169.703
486 100 165.079
486 101 160.468
486 102 155.845
486 103 151.289
486 104 146.774
486 105 142.284
486 106 137.819
486 107 133.392
486 108 129.184
486 109 125.16
486 110 121.228
486 111 116.552
486 112 112.141
486 113 107.596
486 114 103.287
486 115 99.043
486 116 94.783
486 117 90.71
486 118 86.992
486 119 83.409
486 120 183.19
486 121 178.284
486 122 173.416
486 123 168.776
486 124 164.157
486 125 159.542
486 126 154.923
486 127 150.384
486 128 145.874
486 129 141.388
486 130 136.931
486 131 132.537
486 132 128.351
486 133 124.394
486 134 120.285
486 135 115.659
486 136 111.235
486 137 106.729
486 138 102.433
486 139 98.203
486 140 93.852
486 141 89.957
486 142 86.264
486 143 182.209
486 144 177.304
486 145 172.487
486 146 167.851
486 147 163.236
486 148 158.616
486 149 154.013
486 150 149.479
486 151 144.976
486 152 140.494
486 153 136.044
486 154 131.695
486 155 127.521
486 156 123.632
486 157 119.343
486 158 114.769
486 159 110.306
486 160 105.865
486 161 101.581
486 162 97.365
486 163 92.999
486 164 89.208
486 165 85.542
486 166 182.209
486 167 177.304
486 168 172.487
486 169 167.851
486 170 163.236
486 171 158.616
486 172 154.013
486 173 149.479
486 174 144.976
486 175 140.494
486 176 136.044
486 177 131.695
486 178 127.521
486 179 123.632
486 180 119.343
486 181 114.769
486 182 110.306
486 183 105.865
486 184 101.581
486 185 97.365
486 186 92.999
486 187 89.208
486 188 85.542
486 189 181.227
486 190 176.324
486 191 171.558
486 192 166.926
486 193 162.316
486 194 157.692
486 195 153.104
486 196 148.576
486 197 144.079
486 198 139.601
486 199 135.158
486 200 130.856
486 201 126.702
486 202 122.872
486 203 118.402
486 204 113.891
486 205 109.379
486 206 105.003
486 207 100.732
486 208 96.531
486 209 92.231
486 210 88.464
486 211 84.825
486 212 180.246
486 213 175.344
486 214 170.63
486 215 166.002
486 216 161.396
486 217 156.768
486 218 152.196
486 219 147.674
486 220 143.181
486 221 138.709
486 222 134.274
486 223 130.019
486 224 125.929
486 225 122.117
486 226 117.462
486 227 113.015
486 228 108.465
486 229 104.144
486 230 99.886
486 231 95.7
486 232 91.469
486 233 87.726
486 234 84.114
486 235 178.284
486 236 173.416
486 237 168.776
486 238 164.157
486 239 159.542
486 240 154.923
486 241 150.384
486 242 145.874
486 243 141.388
486 244 136.931
486 245 132.537
486 246 128.351
486 247 124.394
486 248 120.285
486 249 115.659
486 250 111.235
486 251 106.729
486 252 102.433
486 253 98.203
486 254 93.852
486 255 89.957
486 256 86.264
486 257 177.304
486 258 172.487
486 259 167.851
486 260 163.236
486 261 158.616
486 262 154.013
486 263 149.479
486 264 144.976
486 265 140.494
486 266 136.044
486 267 131.695
486 268 127.521
486 269 123.632
486 270 119.343
486 271 114.769
486 272 110.306
486 273 105.865
486 274 101.581
486 275 97.365
486 276 92.999
486 277 89.208
486 278 85.542
486 279 176.324
486 280 171.558
486 281 166.926
486 282 162.316
486 283 157.692
486 284 153.104
486 285 148.576
486 286 144.079
486 287 139.601
486 288 135.158
486 289 130.856
486 290 126.702
486 291 122.872
486 292 118.402
486 293 113.891
486 294 109.379
486 295 105.003
486 296 100.732
486 297 96.531
486 298 92.231
486 299 88.464
486 300 84.825
486 301 175.344
486 302 170.63
486 303 166.002
486 304 161.396
486 305 156.768
486 306 152.196
486 307 147.674
486 308 143.181
486 309 138.709
486 310 134.274
486 311 130.019
486 312 125.929
486 313 122.117
486 314 117.462
486 315 113.015
486 316 108.465
486 317 104.144
486 318 99.886
486 319 95.7
486 320 91.469
486 321 87.726
486 322 84.114
486 323 173.416
486 324 168.776
486 325 164.157
486 326 159.542
486 327 154.923
486 328 150.384
486 329 145.874
486 330 141.388
486 331 136.931
486 332 132.537
486 333 128.351
486 334 124.394
486 335 120.285
486 336 115.659
486 337 111.235
486 338 106.729
486 339 102.433
486 340 98.203
486 341 93.852
486 342 89.957
486 343 86.264
487 0 186.136
487 1 181.227
487 2 176.324
487 3 171.558
487 4 166.926
487 5 162.316
487 6 157.692
487 7 153.104
487 8 148.576
487 9 144.079
487 10 139.601
487 11 135.158
487 12 130.856
487 13 126.702
487 14 122.872
487 15 186.136
487 16 181.227
487 17 176.324
487 18 171.558
487 19 166.926
487 20 162.316
487 21 157.692
487 22 153.104
487 23 148.576
487 24 144.079
487 25 139.601
487 26 135.158
487 27 130.856
487 28 126.702
487 29 122.872
487 30 185.154
487 31 180.246
487 32 175.344
487 33 170.63
487 34 166.002
487 35 161.396
487 36 156.768
487 37 152.196
487 38 147.674
487 39 143.181
487 40 138.709
487 41 134.274
487 42 130.019
487 43 125.929
487 44 122.117
487 45 185.154
487 46 180.246
487 47 175.344
487 48 170.63
487 49 166.002
487 50 161.396
487 51 156.768
487 52 152.196
487 53 147.674
487 54 143.181
487 55 138.709
487 56 134.274
487 57 130.019
487 58 125.929
487 59 122.117
487 60 184.172
487 61 179.265
487 62 174.364
487 63 169.703
487 64 165.079
487 65 160.468
487 66 155.845
487 67 151.289
487 68 146.774
487 69 142.284
487 70 137.819
487 71 133.392
487 72 129.184
487 73 125.16
487 74 183.19
487 75 178.284
487 76 173.416
487 77 168.776
487 78 164.157
487 79 159.542
487 80 154.923
487 81 150.384
487 82 145.874
487 83 141.388
487 84 136.931
487 85 132.537
487 86 128.351
487 87 124.394
487 88 182.209
487 89 177.304
487 90 172.487
487 91 167.851
487 92 163.236
487 93 158.616
487 94 154.013
487 95 149.479
487 96 144.976
487 97 140.494
487 98 136.044
487 99 131.695
487 100 127.521
487 101 123.632
487 102 182.209
487 103 177.304
487 104 172.487
487 105 167.851
487 106 163.236
487 107 158.616
487 108 154.013
487 109 149.479
487 110 144.976
487 111 140.494
487 112 136.044
487 113 131.695
487 114 127.521
487 115 123.632
487 116 181.227
487 117 176.324
487 118 171.558
487 119 166.926
487 120 162.316
487 121 157.692
487 122 153.104
487 123 148.576
487 124 144.079
487 125 139.601
487 126 135.158
487 127 130.856
487 128 126.702
487 129 122.872
487 130 180.246
487 131 175.344
487 132 170.63
487 133 166.002
487 134 161.396
487 135 156.768
487 136 152.196
487 137 147.674
487 138 143.181
487 139 138.709
487 140 134.274
487 141 130.019
487 142 125.929
487 143 122.117
487 144 178.284
487 145 173.416
487 146 168.776
487 147 164.157
487 148 159.542
487 149 154.923
487 150 150.384
487 151 145.874
487 152 141.388
487 153 136.931
487 154 132.537
487 155 128.351
487 156 124.394
487 157 177.304
487 158 172.487
487 159 167.851
487 160 163.236
487 161 158.616
487 162 154.013
487 163 149.479
487 164 144.976
487 165 140.494
487 166 136.044
487 167 131.695
487 168 127.521
487 169 123.632
487 170 176.324
487 171 171.558
487 172 166.926
487 173 162.316
487 174 157.692
487 175 153.104
487 176 148.576
487 177 144.079
487 178 139.601
487 179 135.158
487 180 130.856
487 181 126.702
487 182 122.872
487 183 175.344
487 184 170.63
487 185 166.002
487 186 161.396
487 187 156.768
487 188 152.196
487 189 147.674
487 190 143.181
487 191 138.709
487 192 134.274
487 193 130.019
487 194 125.929
487 195 122.117
487 196 173.416
487 197 168.776
487 198 164.157
487 199 159.542
487 200 154.923
487 201 150.384
487 202 145.874
487 203 141.388
487 204 136.931
487 205 132.537
487 206 128.351
487 207 124.394
488 0 69.467
488 1 66.174
488 2 63.105
488 3 59.482
488 4 56.037
488 5 52.841
488 6 49.942
488 7 47.394
488 8 45.098
488 9 43.247
488 10 69.467
488 11 66.174
488 12 63.105
488 13 59.482
488 14 56.037
488 15 52.841
488 16 49.942
488 17 47.394
488 18 45.098
488 19 43.247
488 20 68.792
488 21 65.541
488 22 62.39
488 23 58.775
488 24 55.377
488 25 52.236
488 26 49.402
488 27 46.911
488 28 44.689
488 29 42.938
488 30 68.792
488 31 65.541
488 32 62.39
488 33 58.775
488 34 55.377
488 35 52.236
488 36 49.402
488 37 46.911
488 38 44.689
488 39 42.938
488 40 68.125
488 41 64.917
488 42 61.652
488 43 58.077
488 44 54.726
488 45 51.643
488 46 48.877
488 47 46.432
488 48 44.299
488 49 42.649
488 50 67.466
488 51 64.303
488 52 60.921
488 53 57.388
488 54 54.087
488 55 51.062
488 56 48.367
488 57 45.97
488 58 43.929
488 59 42.382
488 60 66.815
488 61 63.699
488 62 60.198
488 63 56.708
488 64 53.458
488 65 50.495
488 66 47.872
488 67 45.525
488 68 43.578
488 69 42.137
488 70 66.815
488 71 63.699
488 72 60.198
488 73 56.708
488 74 53.458
488 75 50.495
488 76 47.872
488 77 45.525
488 78 43.578
488 79 42.137
488 80 66.174
488 81 63.105
488 82 59.482
488 83 56.037
488 84 52.841
488 85 49.942
488 86 47.394
488 87 45.098
488 88 43.247
488 89 65.541
488 90 62.39
488 91 58.775
488 92 55.377
488 93 52.236
488 94 49.402
488 95 46.911
488 96 44.689
488 97 42.938
488 98 64.303
488 99 60.921
488 100 57.388
488 101 54.087
488 102 51.062
488 103 48.367
488 104 45.97
488 105 43.929
488 106 42.382
488 107 63.699
488 108 60.198
488 109 56.708
488 110 53.458
488 111 50.495
488 112 47.872
488 113 45.525
488 114 43.578
488 115 42.137
488 116 63.105
488 117 59.482
488 118 56.037
488 119 52.841
488 120 49.942
488 121 47.394
488 122 45.098
488 123 43.247
488 124 62.39
488 125 58.775
488 126 55.377
488 127 52.236
488 128 49.402
488 129 46.911
488 130 44.689
488 131 42.938
488 132 60.921
488 133 57.388
488 134 54.087
488 135 51.062
488 136 48.367
488 137 45.97
488 138 43.929
488 139 42.382
489 0 230.553
489 1 226.137
489 2 222.613
489 3 218.595
489 4 214.483
489 5 210.41
489 6 206.007
489 7 201.595
489 8 196.939
489 9 192.299
489 10 188.055
489 11 183.978
489 12 179.948
489 13 175.967
489 14 172.039
489 15 168.169
489 16 164.359
489 17 160.615
489 18 156.94
489 19 153.341
489 20 149.795
489 21 146.157
489 22 142.601
489 23 139.134
489 24 135.763
489 25 132.495
489 26 129.337
489 27 126.299
489 28 123.388
489 29 120.615
489 30 117.988
489 31 115.518
489 32 228.784
489 33 224.694
489 34 221.08
489 35 216.946
489 36 212.849
489 37 208.651
489 38 204.249
489 39 199.731
489 40 195.081
489 41 190.522
489 42 186.419
489 43 182.36
489 44 178.349
489 45 174.389
489 46 170.484
489 47 166.637
489 48 162.853
489 49 159.136
489 50 155.491
489 51 151.923
489 52 148.33
489 53 144.724
489 54 141.203
489 55 137.774
489 56 134.443
489 57 131.218
489 58 128.107
489 59 125.119
489 60 122.262
489 61 119.546
489 62 116.981
489 63 227.9
489 64 223.998
489 65 220.25
489 66 216.124
489 67 212.035
489 68 207.768
489 69 203.372
489 70 198.799
489 71 194.153
489 72 189.698
489 73 185.604
489 74 181.554
489 75 177.553
489 76 173.604
489 77 169.71
489 78 165.875
489 79 162.104
489 80 158.401
489 81 154.771
489 82 151.219
489 83 147.602
489 84 144.013
489 85 140.51
489 86 137.1
489 87 133.789
489 88 130.587
489 89 127.499
489 90 124.537
489 91 121.707
489 92 119.02
489 93 116.487
489 94 226.137
489 95 222.613
489 96 218.595
489 97 214.483
489 98 210.41
489 99 206.007
489 100 201.595
489 101 196.939
489 102 192.299
489 103 188.055
489 104 183.978
489 105 179.948
489 106 175.967
489 107 172.039
489 108 168.169
489 109 164.359
489 110 160.615
489 111 156.94
489 112 153.341
489 113 149.795
489 114 146.157
489 115 142.601
489 116 139.134
489 117 135.763
489 118 132.495
489 119 129.337
489 120 126.299
489 121 123.388
489 122 120.615
489 123 117.988
489 124 115.518
489 125 224.694
489 126 221.08
489 127 216.946
489 128 212.849
489 129 208.651
489 130 204.249
489 131 199.731
489 132 195.081
489 133 190.522
489 134 186.419
489 135 182.36
489 136 178.349
489 137 174.389
489 138 170.484
489 139 166.637
489 140 162.853
489 141 159.136
489 142 155.491
489 143 151.923
489 144 148.33
489 145 144.724
489 146 141.203
489 147 137.774
489 148 134.443
489 149 131.218
489 150 128.107
489 151 125.119
489 152 122.262
489 153 119.546
489 154 116.981
489 155 222.613
489 156 218.595
489 157 214.483
489 158 210.41
489 159 206.007
489 160 201.595
489 161 196.939
489 162 192.299
489 163 188.055
489 164 183.978
489 165 179.948
489 166 175.967
489 167 172.039
489 168 168.169
489 169 164.359
489 170 160.615
489 171 156.94
489 172 153.341
489 173 149.795
489 174 146.157
489 175 142.601
489 176 139.134
489 177 135.763
489 178 132.495
489 179 129.337
489 180 126.299
489 181 123.388
489 182 120.615
489 183 117.988
489 184 115.518
489 185 221.08
489 186 216.946
489 187 212.849
489 188 208.651
489 189 204.249
489 190 199.731
489 191 195.081
489 192 190.522
489 193 186.419
489 194 182.36
489 195 178.349
489 196 174.389
489 197 170.484
489 198 166.637
489 199 162.853
489 200 159.136
489 201 155.491
489 202 151.923
489 203 148.33
489 204 144.724
489 205 141.203
489 206 137.774
489 207 134.443
489 208 131.218
489 209 128.107
489 210 125.119
489 211 122.262
489 212 119.546
489 213 116.981
489 214 218.595
489 215 214.483
489 216 210.41
489 217 206.007
489 218 201.595
489 219 196.939
489 220 192.299
489 221 188.055
489 222 183.978
489 223 179.948
489 224 175.967
489 225 172.039
489 226 168.169
489 227 164.359
489 228 160.615
489 229 156.94
489 230 153.341
489 231 149.795
489 232 146.157
489 233 142.601
489 234 139.134
489 235 135.763
489 236 132.495
489 237 129.337
489 238 126.299
489 239 123.388
489 240 120.615
489 241 117.988
489 242 115.518
489 243 216.124
489 244 212.035
489 245 207.768
489 246 203.372
489 247 198.799
489 248 194.153
489 249 189.698
489 250 185.604
489 251 181.554
489 252 177.553
489 253 173.604
489 254 169.71
489 255 165.875
489 256 162.104
489 257 158.401
489 258 154.771
489 259 151.219
489 260 147.602
489 261 144.013
489 262 140.51
489 263 137.1
489 264 133.789
489 265 130.587
489 266 127.499
489 267 124.537
489 268 121.707
489 269 119.02
489 270 116.487
489 271 213.666
489 272 209.534
489 273 205.127
489 274 200.663
489 275 196.009
489 276 191.374
489 277 187.236
489 278 183.168
489 279 179.147
489 280 175.177
489 281 171.261
489 282 167.402
489 283 163.605
489 284 159.874
489 285 156.214
489 286 152.631
489 287 149.061
489 288 145.439
489 289 141.9
489 290 138.452
489 291 135.101
489 292 131.854
489 293 128.72
489 294 125.706
489 295 122.822
489 296 120.077
489 297 117.481
489 298 115.044
489 299 211.221
489 300 206.887
489 301 202.496
489 302 197.869
489 303 193.226
489 304 188.876
489 305 184.79
489 306 180.75
489 307 176.759
489 308 172.82
489 309 168.938
489 310 165.116
489 311 161.358
489 312 157.669
489 313 154.055
489 314 150.519
489 315 146.878
489 316 143.305
489 317 139.82
489 318 136.429
489 319 133.14
489 320 129.96
489 321 126.897
489 322 123.96
489 323 121.158
489 324 118.501
489 325 115.999
489 326 207.768
489 327 203.372
489 328 198.799
489 329 194.153
489 330 189.698
489 331 185.604
489 332 181.554
489 333 177.553
489 334 173.604
489 335 169.71
489 336 165.875
489 337 162.104
489 338 158.401
489 339 154.771
489 340 151.219
489 341 147.602
489 342 144.013
489 343 140.51
489 344 137.1
489 345 133.789
489 346 130.587
489 347 127.499
489 348 124.537
489 349 121.707
489 350 119.02
489 351 116.487
489 352 204.249
489 353 199.731
489 354 195.081
489 355 190.522
489 356 186.419
489 357 182.36
489 358 178.349
489 359 174.389
489 360 170.484
489 361 166.637
489 362 162.853
489 363 159.136
489 364 155.491
489 365 151.923
489 366 148.33
489 367 144.724
489 368 141.203
489 369 137.774
489 370 134.443
489 371 131.218
489 372 128.107
489 373 125.119
489 374 122.262
489 375 119.546
489 376 116.981
489 377 200.663
489 378 196.009
489 379 191.374
489 380 187.236
489 381 183.168
489 382 179.147
489 383 175.177
489 384 171.261
489 385 167.402
489 386 163.605
489 387 159.874
489 388 156.214
489 389 152.631
489 390 149.061
489 391 145.439
489 392 141.9
489 393 138.452
489 394 135.101
489 395 131.854
489 396 128.72
489 397 125.706
489 398 122.822
489 399 120.077
489 400 117.481
489 401 115.044
489 402 196.009
489 403 191.374
489 404 187.236
489 405 183.168
489 406 179.147
489 407 175.177
489 408 171.261
489 409 167.402
489 410 163.605
489 411 159.874
489 412 156.214
489 413 152.631
489 414 149.061
489 415 145.439
489 416 141.9
489 417 138.452
489 418 135.101
489 419 131.854
489 420 128.72
489 421 125.706
489 422 122.822
489 423 120.077
489 424 117.481
489 425 115.044
490 0 110.238
490 1 105.677
490 2 101.352
490 3 96.729
490 4 92.389
490 5 88.244
490 6 84.15
490 7 80.01
490 8 75.917
490 9 110.238
490 10 105.677
490 11 101.352
490 12 96.729
490 13 92.389
490 14 88.244
490 15 84.15
490 16 80.01
490 17 75.917
490 18 109.275
490 19 104.807
490 20 100.495
490 21 95.775
490 22 91.568
490 23 87.417
490 24 83.343
490 25 79.183
490 26 75.111
490 27 109.275
490 28 104.807
490 29 100.495
490 30 95.775
490 31 91.568
490 32 87.417
490 33 83.343
490 34 79.183
490 35 75.111
490 36 108.313
490 37 103.94
490 38 99.597
490 39 94.871
490 40 90.744
490 41 86.595
490 42 82.514
490 43 78.36
490 44 74.311
490 45 107.423
490 46 103.075
490 47 98.64
490 48 94.04
490 49 89.907
490 50 85.776
490 51 81.675
490 52 77.541
490 53 73.515
490 54 106.549
490 55 102.212
490 56 97.684
490 57 93.213
490 58 89.074
490 59 84.961
490 60 80.841
490 61 76.727
490 62 106.549
490 63 102.212
490 64 97.684
490 65 93.213
490 66 89.074
490 67 84.961
490 68 80.841
490 69 76.727
490 70 105.677
490 71 101.352
490 72 96.729
490 73 92.389
490 74 88.244
490 75 84.15
490 76 80.01
490 77 75.917
490 78 104.807
490 79 100.495
490 80 95.775
490 81 91.568
490 82 87.417
490 83 83.343
490 84 79.183
490 85 75.111
490 86 103.075
490 87 98.64
490 88 94.04
490 89 89.907
490 90 85.776
490 91 81.675
490 92 77.541
490 93 73.515
490 94 102.212
490 95 97.684
490 96 93.213
490 97 89.074
490 98 84.961
490 99 80.841
490 100 76.727
490 101 101.352
490 102 96.729
490 103 92.389
490 104 88.244
490 105 84.15
490 106 80.01
490 107 75.917
490 108 100.495
490 109 95.775
490 110 91.568
490 111 87.417
490 112 83.343
490 113 79.183
490 114 75.111
490 115 98.64
490 116 94.04
490 117 89.907
490 118 85.776
490 119 81.675
490 120 77.541
490 121 73.515
491 0 191.952
491 1 195.521
491 2 199.151
491 3 202.84
491 4 206.584
491 5 210.393
491 6 214.733
491 7 219.101
491 8 223.496
491 9 227.916
491 10 232.359
491 11 236.824
491 12 241.311
491 13 245.817
491 14 250.342
491 15 254.885
491 16 259.445
491 17 264.017
491 18 268.603
491 19 273.203
491 20 277.817
491 21 282.444
491 22 287.083
